  -3.4959949e+01  -3.4992740e+01  -3.4799510e+01  -3.4938474e+01  -3.4839536e+01
  -4.2183907e+01  -4.2367773e+01  -4.2366556e+01  -4.2064360e+01  -4.1833513e+01
  -4.6293669e+01  -4.6122818e+01  -4.6046476e+01  -4.6276429e+01  -4.6147189e+01
  -4.7255845e+01  -4.7206840e+01  -4.7279792e+01  -4.7389609e+01  -4.7410006e+01
  -4.7707854e+01  -4.7882764e+01  -4.7725566e+01  -4.7539852e+01  -4.7782862e+01
  -4.7191470e+01  -4.7112170e+01  -4.7034418e+01  -4.7304314e+01  -4.7148231e+01
  -5.1497936e+01  -5.1541248e+01  -5.1319821e+01  -5.1408860e+01  -5.1679019e+01
  -5.3553742e+01  -5.3736787e+01  -5.3394219e+01  -5.3778089e+01  -5.3714258e+01
  -5.1502967e+01  -5.1572940e+01  -5.1507149e+01  -5.1366109e+01  -5.1421563e+01
  -5.7681956e+01  -5.7558692e+01  -5.7781863e+01  -5.7642171e+01  -5.7923436e+01
  -5.3768233e+01  -5.3851066e+01  -5.3891678e+01  -5.3723976e+01  -5.3974383e+01
  -5.6157569e+01  -5.6046713e+01  -5.6161331e+01  -5.6043025e+01  -5.6154566e+01
  -6.1265546e+01  -6.0818874e+01  -6.0456349e+01  -6.0785679e+01  -6.1195439e+01
  -5.7883425e+01  -5.7683909e+01  -5.7767310e+01  -5.7777196e+01  -5.7944807e+01
  -5.9226534e+01  -5.9222426e+01  -5.9440156e+01  -5.9277641e+01  -5.9437968e+01
  -8.0050306e+01  -7.9090440e+01  -7.9095275e+01  -8.1308042e+01  -7.7634033e+01
